,word,frequency,size,x_one,y_one,x_two,y_two
0,vietnam,1,16,165,323,691,957
1,order,1,16,641,794,771,388
2,part,2,17,793,993,120,768
3,laborers,1,16,141,914,406,625
4,35,1,16,22,11,338,634
5,think,21,36,380,147,473,184
6,nation,2,17,471,184,743,357
7,so-called,1,16,767,250,631,131
8,extent,1,16,26,867,79,316
9,last,2,17,601,480,387,595
10,gridlock,2,17,2,918,375,93
11,force,1,16,292,332,149,598
12,money,3,18,151,971,482,143
13,unbelievable,1,16,17,258,206,677
14,good,4,19,147,527,842,178
15,honestly,1,16,854,643,468,496
16,well,10,25,742,321,837,81
17,watch,2,17,314,252,459,900
18,course,2,17,144,173,340,112
19,new,3,18,43,417,644,708
20,wive,1,16,218,42,273,49
21,ago,2,17,643,601,507,266
22,agree,2,17,252,62,812,581
23,don't,16,31,315,436,53,759
24,build,8,23,507,344,223,517
25,less,1,16,692,702,502,404
26,serious,1,16,682,31,494,7
27,insurance,1,16,350,231,857,924
28,government,5,20,57,564,287,257
29,outsource,1,16,642,974,244,521
30,lips,1,16,796,792,27,422
31,hack,1,16,170,642,701,113
32,we've,2,17,424,382,368,894
33,impossible,1,16,416,818,177,295
34,apprentice–,2,17,731,88,181,567
35,great,12,27,618,140,239,255
36,successful,1,16,710,554,862,980
37,14,1,16,607,822,877,699
38,obamacare,1,16,885,653,636,757
39,politicians,1,16,93,462,529,300
40,please,1,16,94,478,253,104
41,fight,2,17,474,223,81,959
42,i'm,35,50,749,339,211,587
43,party,2,17,649,359,880,301
44,deal,6,21,91,119,653,976
45,bad,8,23,273,23,188,155
46,win,2,17,583,30,381,672
47,honor,1,16,774,720,383,934
48,agreement,1,16,813,532,134,378
49,negotiators,3,18,356,878,52,372
50,that–,1,16,56,492,187,664
51,leave,1,16,275,506,195,882
52,here's…,1,16,797,267,744,550
53,know…,1,16,378,243,144,375
54,smarter,1,16,118,756,573,529
55,country,7,22,696,973,775,231
56,talk,3,18,246,504,82,59
57,boundaries,1,16,846,606,317,396
58,stand,1,16,671,7,122,412
59,different,1,16,786,526,489,893
60,free,5,20,590,8,47,515
61,trillion,3,18,755,345,357,499
62,negotiate,2,17,816,475,355,101
63,wrong,2,17,407,505,568,198
64,24,1,16,45,451,23,975
65,company,5,20,300,40,285,775
66,stuff,1,16,554,675,699,799
67,knock,1,16,617,608,891,272
68,there's,2,17,871,356,727,972
69,blame,3,18,46,21,791,726
70,bid,3,18,372,951,374,945
71,may,1,16,496,589,600,955
72,us,7,22,32,122,238,783
73,rough,1,16,509,804,67,835
74,corrupt,2,17,250,717,477,289
75,everybody,2,17,724,726,41,522
76,automobile,1,16,645,337,452,711
77,california,1,16,557,778,329,193
78,along,5,20,636,801,319,63
79,show,1,16,423,631,49,151
80,environmentally,1,16,501,671,58,452
81,pretty,1,16,810,185,315,781
82,certainly,1,16,122,884,879,742
83,cost,2,17,747,541,484,154
84,anywhere,1,16,425,127,813,874
85,millions,3,18,666,271,214,88
86,bring,3,18,84,43,318,326
87,others,1,16,719,178,157,602
88,happen,2,17,690,193,359,993
89,cheapest,1,16,861,164,163,927
90,though,1,16,99,439,146,320
91,unfortunately,1,16,502,639,265,181
92,give,10,25,479,429,407,389
93,form,2,17,193,468,105,39
94,mexico,11,26,206,579,290,536
95,wonderful,4,19,608,174,210,660
96,better,2,17,770,984,465,914
97,real,1,16,30,883,836,84
98,person,7,22,556,938,247,826
99,pro-choice,3,18,689,412,580,632
100,that's,9,24,299,546,747,8
101,buy,2,17,317,832,884,137
102,things,6,21,804,295,821,133
103,cars,1,16,310,100,69,798
104,sound,1,16,19,524,570,171
105,man,2,17,411,899,696,17
106,felt,1,16,825,888,871,810
107,cut,1,16,40,262,603,751
108,mexicans,2,17,186,216,888,834
109,clear,1,16,659,195,31,992
110,remember…,1,16,812,242,258,107
111,apprentice,1,16,223,138,793,54
112,congratulations,1,16,667,829,599,329
113,environment,1,16,633,342,99,932
114,write,2,17,236,834,392,348
115,obama,3,18,387,200,115,481
116,fast,1,16,406,528,348,688
117,apparel,1,16,757,817,622,952
118,kind,3,18,171,757,90,774
119,compete,1,16,214,522,608,856
120,wife,2,17,657,268,185,960
121,third,1,16,827,552,498,91
122,job,6,21,798,152,740,216
123,blunt,1,16,330,465,261,43
124,would,13,28,546,458,204,6
125,powerful,1,16,412,251,481,745
126,nearly,1,16,823,650,730,596
127,brag,1,16,528,908,250,124
128,manipulate,2,17,386,221,777,797
129,meet,1,16,316,134,441,564
130,i've,13,28,368,925,471,831
131,office,2,17,59,61,453,439
132,mexican,2,17,444,381,386,895
133,put,1,16,897,665,14,213
134,conservative,2,17,428,886,330,948
135,factories,3,18,661,700,424,346
136,totally,1,16,230,141,866,842
137,ob,1,16,85,905,139,345
138,small,1,16,687,775,303,436
139,although,1,16,536,906,464,484
140,warm,1,16,107,536,337,633
141,china,10,25,500,660,669,883
142,top,1,16,510,139,466,29
143,arm,1,16,550,386,193,361
144,market,3,18,145,249,551,887
145,return,1,16,815,629,16,792
146,they're,14,29,541,609,46,809
147,many,3,18,874,204,450,126
148,20,1,16,895,288,870,837
149,mentality,2,17,257,689,825,940
150,nafta's,2,17,489,816,629,50
151,back,6,21,741,4,150,734
152,attitude,1,16,766,978,281,498
153,say,16,31,266,638,414,223
154,look,11,26,190,463,301,294
155,necessarily,1,16,13,125,806,606
156,greatest,2,17,746,865,764,806
157,know,21,36,98,841,613,123
158,york,2,17,142,655,625,221
159,health,1,16,568,12,844,548
160,progress,1,16,566,247,80,387
161,wouldn't,4,19,35,566,190,764
162,soon,2,17,492,126,83,721
163,throw,1,16,175,767,275,944
164,everyone,1,16,558,398,449,97
165,really,6,21,839,664,191,9
166,speeches,1,16,254,704,73,867
167,guard,1,16,277,625,350,229
168,mr,1,16,894,734,845,648
169,kill,1,16,716,493,757,447
170,believe,3,18,123,605,725,928
171,i'd,2,17,20,371,801,772
172,hundreds,3,18,753,596,373,662
173,even,2,17,374,363,444,848
174,nicely,2,17,313,743,875,98
175,oh,2,17,198,102,499,750
176,safety,1,16,518,13,419,790
177,problem,3,18,776,749,894,737
178,hit,2,17,345,595,39,497
179,respect,2,17,475,965,110,525
180,diplomats,1,16,877,135,523,950
181,private,2,17,787,85,732,244
182,rapidly,1,16,843,274,54,971
183,what's,1,16,758,441,470,94
184,trade,3,18,382,238,705,551
185,isis,2,17,318,729,320,363
186,iraq,8,23,131,426,125,210
187,coverage,2,17,58,3,104,917
188,can't,3,18,220,947,768,429
189,fairness,2,17,81,813,130,471
190,bill,1,16,795,350,328,508
191,nice,3,18,427,445,447,748
192,thank,1,16,381,923,558,582
193,representative,1,16,785,646,271,500
194,manmade,1,16,114,151,98,901
195,marriage,3,18,178,765,148,722
196,manufacture,1,16,526,277,217,766
197,stop,2,17,572,627,520,115
198,fantastic,1,16,612,514,237,259
199,period,1,16,761,308,372,381
200,sure,1,16,125,224,787,270
201,healthcare,1,16,226,209,341,707
202,learn,1,16,83,354,158,390
203,legally,1,16,331,114,162,273
204,killers,1,16,271,35,196,160
205,zero,1,16,111,14,550,312
206,on–,1,16,104,740,792,419
207,hey,1,16,385,744,119,321
208,debt,3,18,41,618,220,589
209,simple,3,18,11,413,769,610
210,reid,1,16,272,385,834,78
211,we'll,1,16,231,53,306,369
212,mean,7,22,737,233,205,462
213,lose,4,19,396,391,302,870
214,never,1,16,824,389,602,117
215,another,1,16,845,222,176,313
216,they've,3,18,54,845,310,455
217,maybe,2,17,130,632,702,368
218,long,4,19,439,71,860,682
219,take,12,27,627,553,571,306
220,days,1,16,664,434,389,432
221,obviously,1,16,39,394,595,359
222,interest,2,17,650,438,605,438
223,republican,1,16,174,427,412,340
224,seriousness,1,16,280,837,461,897
225,speak,2,17,162,607,423,656
226,incredible,1,16,281,770,107,881
227,come,8,23,560,190,151,247
228,contribute,1,16,321,289,504,951
229,total,1,16,662,850,541,234
230,open,1,16,89,545,759,561
231,friendly,2,17,615,482,19,176
232,trader,1,16,394,5,131,519
233,oil,2,17,655,690,20,671
234,it…,1,16,678,945,858,426
235,clean,2,17,31,352,889,127
236,washington,2,17,896,485,742,90
237,renew,1,16,464,668,506,666
238,tie,4,19,889,518,560,804
239,restrict,1,16,705,97,240,741
240,peanut,1,16,363,191,283,918
241,politician,1,16,430,98,434,280
242,work,3,18,781,641,762,3
243,season,2,17,68,561,124,509
244,hillary,1,16,893,201,514,803
245,two,1,16,840,283,657,284
246,get,15,30,121,537,418,92
247,use,3,18,563,261,232,128
248,unless,1,16,588,314,735,309
249,care,2,17,235,948,437,135
250,end,1,16,306,960,334,579
251,pro-life,1,16,133,950,480,549
252,right,3,18,384,230,522,399
253,standards,1,16,721,263,664,628
254,jersey,1,16,647,676,540,138
255,one,4,19,326,819,203,747
256,debtor,1,16,436,525,378,850
257,severe,1,16,77,410,542,885
258,saw,1,16,7,322,820,204
259,huge,2,17,395,440,76,5
260,include,2,17,413,672,666,762
261,fact,1,16,116,531,366,859
262,here's,1,16,802,592,8,254
263,let,4,19,695,124,316,299
264,competitive,1,16,884,936,867,253
265,day,4,19,616,722,841,857
266,percentage,1,16,841,871,737,141
267,allow,2,17,789,825,797,533
268,dollars,3,18,181,603,714,756
269,money…,1,16,329,637,89,692
270,probably,1,16,709,538,24,341
271,magic,1,16,600,338,526,853
272,like,6,21,488,999,65,713
273,…well,1,16,547,24,649,182
274,issue,5,20,241,257,619,268
275,trivial,1,16,599,248,557,73
276,reason,1,16,188,626,356,701
277,business,4,19,352,516,30,691
278,phenomenon…,1,16,276,210,723,492
279,old,1,16,571,669,746,727
280,thee,1,16,674,109,534,892
281,hours,1,16,754,292,13,557
282,bush,2,17,433,334,767,420
283,way,5,20,365,555,642,427
284,hasn't,1,16,284,953,463,822
285,need,7,22,221,891,611,464
286,okay,1,16,775,145,451,575
287,big,1,16,718,149,604,360
288,correct,1,16,8,774,819,146
289,since,1,16,455,170,101,311
290,actually,7,22,688,472,829,685
291,horrible,1,16,79,390,587,878
292,help,3,18,52,467,593,910
293,he's,8,23,267,266,840,449
294,rich,1,16,441,67,572,305
295,wall,2,17,478,99,63,189
296,iran,3,18,195,228,371,820
297,sarcastic,1,16,207,293,138,733
298,whole,1,16,567,333,505,541
299,tiny,1,16,379,443,38,482
300,instance,1,16,388,511,598,89
301,world,5,20,697,313,671,956
302,numerous,1,16,794,581,778,75
303,hard,3,18,822,542,873,855
304,number,3,18,782,782,752,559
305,call,2,17,213,529,828,501
306,it’s,1,16,756,760,510,377
307,anything,3,18,9,853,347,397
308,business…,1,16,702,994,538,695
309,sorry,1,16,565,78,690,114
310,lot,11,26,864,84,612,620
311,30,1,16,465,453,469,665
312,trump,2,17,483,969,822,200
313,time,7,22,80,723,547,473
314,example,1,16,215,848,428,166
315,read,2,17,515,316,503,333
316,forget,1,16,630,279,121,153
317,represent,1,16,569,29,745,258
318,18,1,16,222,361,627,47
319,currency,3,18,435,365,178,303
320,yesterday,1,16,47,202,711,33
321,decide,1,16,586,920,640,640
322,people,19,34,74,206,164,443
323,beat,2,17,23,507,112,57
324,make,9,24,681,91,695,286
325,problem–,1,16,677,380,4,328
326,global,1,16,243,270,62,493
327,television,1,16,187,326,650,51
328,four,1,16,166,180,766,843
329,post,1,16,694,476,229,318
330,go,21,36,727,303,733,408
331,iraqis,1,16,261,633,225,938
332,stupid,1,16,12,949,518,405
333,ford,1,16,538,733,116,631
334,people…,1,16,262,294,380,179
335,potential,1,16,521,364,364,366
336,–,3,18,693,447,103,262
337,point,4,19,679,585,208,324
338,years,5,20,525,406,654,275
339,beautiful,1,16,722,74,899,719
340,political,1,16,295,415,1,175
341,worse,2,17,95,869,145,730
342,border,2,17,670,812,882,746
343,disaster,3,18,216,688,254,844
344,rip,1,16,325,924,270,657
345,they'll,1,16,768,273,43,967
346,stranger,2,17,451,706,790,14
347,fortune,2,17,461,372,861,465
348,prime,1,16,327,540,297,908
349,somebody,1,16,400,158,839,327
350,seriously,8,23,610,437,228,246
351,senior,1,16,637,113,567,896
352,evolve,2,17,892,909,615,770
353,run,2,17,324,903,738,712
354,this–i,1,16,587,873,114,310
355,outside,1,16,499,146,818,307
356,hard-working,1,16,102,982,111,630
357,love,4,19,542,616,700,676
358,sort,1,16,505,940,564,771
359,it's,15,30,136,724,400,347
360,administration,1,16,296,764,370,667
361,yeah,1,16,138,501,495,142
362,you're,5,20,397,15,521,653
363,22,1,16,348,22,446,190
364,doesn't,4,19,21,911,128,523
365,pay,2,17,48,972,233,69
366,compare,1,16,392,499,154,997
367,trust,1,16,237,187,854,285
368,want,6,21,869,298,168,926
369,longer,1,16,714,691,717,828
370,ding,2,17,25,226,17,604
371,term,1,16,28,793,343,296
372,fair,1,16,422,460,720,996
373,thing,4,19,112,610,45,325
374,tell,5,20,92,907,102,588
375,seem,1,16,260,614,712,281
376,crowd,2,17,559,738,109,45
377,peanuts,2,17,466,894,864,728
378,worker,1,16,549,237,607,53
379,problems,1,16,873,576,36,514
380,idea,1,16,783,912,388,880
381,leaders,1,16,61,928,344,428
382,art,1,16,242,318,26,869
383,nancy,1,16,672,435,609,10
384,couple,1,16,579,396,279,207
385,smart,2,17,482,163,234,67
386,essentially,1,16,64,810,307,406
387,bite,3,18,253,896,11,754
388,place,2,17,585,287,783,875
389,yes,2,17,391,559,719,24
390,poll,1,16,773,652,56,650
391,traditional,2,17,712,762,367,818
392,jake,3,18,67,246,869,654
393,assets,2,17,614,374,155,290
394,that…,1,16,788,863,748,542
395,…and,1,16,270,340,95,909
396,could,4,19,792,898,885,380
397,see,7,22,619,156,673,659
398,current,1,16,603,428,655,824
399,believer,2,17,49,9,637,884
400,little,5,20,339,509,798,215
401,forward,1,16,847,682,584,538
402,contact,1,16,833,38,323,838
403,always,2,17,196,977,363,332
404,assume,1,16,155,833,621,801
405,nbc,1,16,676,20,677,904
406,we're,2,17,762,864,620,65
407,capital,1,16,50,954,713,981
408,couldn't,1,16,164,802,693,891
409,pelosi,1,16,698,815,29,779
410,something,2,17,651,874,853,11
411,air,1,16,875,133,614,678
412,treat,3,18,100,167,662,120
413,message,2,17,711,800,85,580
414,uh,1,16,511,858,255,941
415,rapists,1,16,323,168,325,999
416,change,3,18,62,567,802,122
417,understand,1,16,834,970,635,675
418,much,6,21,763,54,278,1
